0.01
0.01
0.01
0.012
0.01
0.035
0.398
0.043
0.465
0.01
0.071
3.218
0.187
0.079
0.812
0.011
0.011
0.01
1.046
0.329
3.022
0.32
0.11
0.01
0.213
3.952
0.01
3.079
1.532
0.011
2.736
0.012
0.01
0.147
0.026
0.01
2.542
0.746
0.014
0.01
0.011
2.765
4.048
0.038
0.03
3.361
3.328
3.083
0.099
0.011
0.011
0.026
1.128
3.013
2.985
3.001
0.126
1.997
0.013
3.003
0.019
0.015
0.525
0.158
0.011
3.02
2.655
1.288
0.011
0.861
2.638
0.013
0.03
3.004
1.947
0.306
0.018
0.969
0.014
0.698
0.015
0.01
3.038
3.003
0.01
0.013
3.017
3.025
0.01
2.812
2.973
0.055
3.014
0.01
0.77
3.184
0.013
0.407
0.01
0.754
2.496
2.936
0.01
0.035
0.01
2.55
3.253
2.907
0.066
3.05
0.079
0.212
0.025
0.01
0.01
0.174
0.303
0.539
2.825
0.013
0.213
0.01
0.013
0.028
2.969
3.013
2.889
3.154
0.225
0.01
0.01
3.014
0.538
0.03
2.568
0.168
0.236
2.963
0.01
1.764
3.554
0.01
0.01
0.01
0.015
1.878
3.007
3.336
0.01
3.041
0.01
0.01
0.01
0.022
1.658
3.48
1.762
3.621
1.573
1.925
1.176
1.871
0.011
0.01
0.011
0.019
0.023
2.591
0.017
3.614
3.009
0.026
0.01
1.262
0.221
2.978
0.011
3.498
0.01
3.009
0.01
3.139
0.037
0.01
0.936
0.01
0.011
3.021
0.01
2.542
2.325
3.363
1.629
1.663
0.014
0.014
3.566
0.046
0.015
0.118
0.01
2.893
3.118
0.163
0.01
2.71
1.161
0.017
0.442
0.142
0.972
0.06
2.999
2.999
2.836
3.122
3.017
0.057
2.895
0.01
4.295
0.161
0.01
3.193
0.01
3.195
0.19
0.011
0.01
2.736
1.632
0.028
0.439
0.494
0.01
0.606
0.632
2.68
0.281
0.276
0.014
0.01
0.034
0.02
3.087
0.12
2.627
2.94
0.01
0.01
1.861
2.27
3.252
0.023
0.018
2.981
0.741
0.01
2.694
0.01
0.046
0.01
0.011
0.381
1.986
0.022
2.328
2.707
1.757
4.104
0.01
0.015
0.016
2.385
0.15
0.011
0.022
0.023
0.01
0.415
0.011
3.057
2.758
0.011
2.852
2.791
0.02
0.033
1.184
0.019
3.318
3.42
2.721
0.058
4.669
0.014
4.126
0.011
1.875
0.231
0.071
0.259
3.029
0.01
2.992
0.891
0.289
0.021
3.435
0.01
0.01
3.452
0.075
0.049
2.89
0.227
0.01
2.996
0.01
0.048
0.026
4.563
0.01
3.764
0.01
0.01
0.016
3.013
0.017
0.058
1.316
3.288
0.01
