5.528
4.058
0.01
2.939
0.246
0.024
5.028
0.029
0.705
0.12
0.014
0.022
0.016
0.033
0.599
0.023
0.023
0.015
3.249
0.023
0.019
0.022
0.023
0.539
2.981
0.021
0.031
0.015
0.137
2.787
0.019
0.062
0.022
0.019
0.317
0.033
2.359
0.019
2.992
0.022
3.01
3.334
2.174
2.937
2.859
2.988
2.939
1.332
2.381
1.194
2.361
2.041
5.621
3.134
2.952
4.35
5.856
3.936
2.587
1.538
2.988
2.447
2.986
1.556
1.882
1.232
3.257
2.879
2.977
0.674
2.229
2.991
0.631
2.273
4.139
3.431
3.413
0.015
0.52
2.176
2.905
1.04
2.437
2.64
0.164
0.912
0.703
2.299
1.937
0.244
0.062
1.705
2.322
2.653
4.614
0.013
2.584
2.055
2.965
2.378
2.747
2.143
2.264
2.771
1.958
2.876
2.142
0.015
2.22
0.394
2.506
0.033
1.921
0.746
2.048
0.055
2.671
2.58
2.906
0.255
0.077
2.528
1.107
0.218
2.692
0.02
1.604
2.985
3.009
2.56
2.86
0.223
1.561
0.057
0.043
1.29
2.803
0.08
2.836
1.71
3.152
4.323
2.683
2.685
3.37
2.19
2.955
2.113
3.339
3.987
2.709
0.017
0.593
2.98
2.536
2.088
1.865
2.991
2.704
2.93
0.057
2.488
2.792
2.872
2.943
2.986
2.437
1.228
2.786
0.035
1.27
0.571
0.955
0.351
0.483
2.585
3.067
2.511
3.876
2.782
2.15
2.518
2.995
2.331
0.436
2.001
2.688
2.1
0.423
2.886
2.87
2.053
2.079
0.882
0.84
2.293
2.992
3.001
1.625
2.327
2.114
0.812
2.523
2.667
2.047
2.975
1.967
2.164
1.175
1.835
1.523
2.33
2.991
2.675
1.596
0.283
0.053
0.07
0.643
3.056
0.323
1.545
0.028
0.12
0.345
0.084
0.098
0.022
0.047
0.627
0.179
0.106
0.31
0.054
0.078
0.738
0.58
0.669
0.072
0.135
0.072
0.057
0.683
4.179
4.176
1.28
0.822
0.057
0.06
0.502
0.395
0.059
0.077
0.847
1.102
2.176
0.046
0.834
0.33
0.905
0.162
2.966
3.004
0.808
1.975
2.681
2.906
1.401
0.086
1.191
1.994
2.966
2.558
0.026
0.023
0.814
2.828
3.455
2.386
1.499
2.7
0.512
1.913
2.288
2.534
2.473
1.855
2.851
3.599
1.582
2.87
1.525
2.17
2.634
2.609
1.637
3.403
2.868
1.226
2.931
1.982
2.992
3.267
0.01
1.812
0.065
3.096
1.9
2.794
2.562
3.129
0.866
2.756
2.18
3.042
3.766
5.541
3.033
0.981
1.863
1.77
1.922
0.315
2.916
5.596
0.067
5.543
2.016
2.122
2.837
0.99
0.192
1.283
2.677
2.98
2.713
2.841
2.514
1.046
3.654
3.325
2.906
1.956
2.994
2.784
1.529
2.537
1.787
1.957
1.879
2.701
2.889
2.486
2.299
0.449
2.615
2.469
0.038
2.193
3.433
2.728
2.706
2.247
0.32
2.138
1.512
1.323
1.23
2.729
2.772
2.548
1.071
2.822
1.735
2.742
2.23
3.082
0.042
2.736
0.847
0.708
1.492
2.141
1.634
2.481
0.712
2.199
1.957
0.722
3.094
2.417
1.995
2.468
2.152
1.435
2.466
2.553
2.803
2.908
2.425
2.459
2.479
2.497
1.26
3.029
2.094
3.001
0.021
2.102
4.985
5.542
4.13
2.631
2.977
2.59
2.031
2.813
0.14
1.976
2.959
2.715
0.094
2.029
3.842
1.51
2.275
2.324
2.506
0.063
1.972
0.084
2.095
1.353
0.023
3.08
1.44
2.453
2.955
0.784
2.542
2.685
2.695
2.232
2.51
1.445
2.585
2.764
3.494
3.008
1.573
0.026
2.769
2.549
1.364
0.487
0.015
2.294
0.203
2.116
2.524
3.224
2.774
2.95
0.048
1.225
3.177
3.984
3.455
3.037
0.041
0.053
1.667
2.097
2.026
2.862
2.282
5.634
2.746
3.294
0.779
3.003
0.095
2.26
2.138
2.863
2.0
0.023
1.87
2.988
3.088
0.07
0.757
1.597
1.73
1.556
2.997
1.514
2.37
2.185
0.843
2.971
0.059
0.015
0.092
0.088
0.208
1.025
0.045
0.097
0.464
0.142
1.091
0.682
2.941
1.909
0.688
0.23
1.798
0.029
0.388
0.051
1.781
0.425
1.6
2.223
1.997
2.987
0.057
2.457
3.009
3.04
2.984
2.959
1.955
2.996
0.034
2.064
0.512
2.088
3.62
1.519
2.754
2.351
2.132
1.06
1.958
2.934
0.093
0.034
0.024
3.071
2.53
2.704
0.179
1.046
2.23
0.327
0.028
2.986
0.029
5.113
0.021
2.968
1.651
2.21
2.988
0.05
2.191
0.025
2.256
3.092
5.181
1.298
0.093
0.286
2.21
0.033
1.264
2.628
2.51
1.731
0.014
1.003
2.259
0.682
3.215
1.916
