      1.40973    0.0318873
      1.41069    0.0313853
      1.41165    0.0325905
      1.41262    0.0351119
      1.41358    0.0371029
      1.41454    0.0366448
      1.41550    0.0359148
      1.41647    0.0371713
      1.41743    0.0396955
      1.41839    0.0421371
      1.41936    0.0417301
      1.42032    0.0405128
      1.42128    0.0419048
      1.42224    0.0426493
      1.42321    0.0442472
      1.42417    0.0436491
      1.42513    0.0442245
      1.42609    0.0451904
      1.42706    0.0454179
      1.42802    0.0456477
      1.42898    0.0452253
      1.42994    0.0460131
      1.43091    0.0486857
      1.43187    0.0486801
      1.43283    0.0486775
      1.43380    0.0484057
      1.43476    0.0479931
      1.43572    0.0480006
      1.43668    0.0489073
      1.43765    0.0498192
      1.43861    0.0495252
      1.43957    0.0492014
      1.44053    0.0495280
      1.44150    0.0495943
      1.44246    0.0512585
      1.44342    0.0516756
      1.44438    0.0518073
      1.44535    0.0530585
      1.44631    0.0524480
      1.44727    0.0516937
      1.44824    0.0523384
      1.44920    0.0555381
      1.45016    0.0584799
      1.45112    0.0596943
      1.45209    0.0601578
      1.45305    0.0620236
      1.45401    0.0641599
      1.45497    0.0676816
      1.45594    0.0711144
      1.45690    0.0757851
      1.45786    0.0810389
      1.45882    0.0873783
      1.45979    0.0945106
      1.46075     0.102794
      1.46171     0.111045
      1.46268     0.121829
      1.46364     0.132947
      1.46460     0.145123
      1.46556     0.158977
      1.46653     0.174162
      1.46749     0.189949
      1.46845     0.205237
      1.46941     0.222462
      1.47038     0.241897
      1.47134     0.261432
      1.47230     0.281573
      1.47326     0.301431
      1.47423     0.320457
      1.47519     0.340201
      1.47615     0.361497
      1.47712     0.383739
      1.47808     0.405719
      1.47904     0.426501
      1.48000     0.449330
      1.48097     0.472200
      1.48193     0.494382
      1.48289     0.515594
      1.48385     0.537502
      1.48482     0.558299
      1.48578     0.579674
      1.48674     0.600538
      1.48770     0.620369
      1.48867     0.639368
      1.48963     0.656933
      1.49059     0.673080
      1.49156     0.688609
      1.49252     0.701338
      1.49348     0.713826
      1.49444     0.724861
      1.49541     0.733395
      1.49637     0.740515
      1.49733     0.746834
      1.49829     0.751055
      1.49926     0.754498
      1.50022     0.756628
      1.50118     0.758544
      1.50214     0.758935
      1.50311     0.759643
      1.50407     0.759555
      1.50503     0.759076
      1.50600     0.758036
      1.50696     0.757419
      1.50792     0.756276
      1.50888     0.755866
      1.50985     0.755549
      1.51081     0.754385
      1.51177     0.755445
      1.51273     0.755694
      1.51370     0.754928
      1.51466     0.755629
      1.51562     0.757162
      1.51658     0.757864
      1.51755     0.759633
      1.51851     0.761591
      1.51947     0.763380
      1.52044     0.765501
      1.52140     0.767919
      1.52236     0.770697
      1.52332     0.772995
      1.52429     0.775871
      1.52525     0.778721
      1.52621     0.782328
      1.52717     0.786271
      1.52814     0.788931
      1.52910     0.792653
      1.53006     0.796080
      1.53102     0.799370
      1.53199     0.801982
      1.53295     0.806105
      1.53391     0.809679
      1.53488     0.813247
      1.53584     0.817324
      1.53680     0.821165
      1.53776     0.823409
      1.53873     0.827083
      1.53969     0.831017
      1.54065     0.833733
      1.54161     0.836956
      1.54258     0.839009
      1.54354     0.842785
      1.54450     0.844776
      1.54546     0.846965
      1.54643     0.849145
      1.54739     0.850895
      1.54835     0.852850
      1.54932     0.853687
      1.55028     0.853895
      1.55124     0.853918
      1.55220     0.854688
      1.55317     0.854875
      1.55413     0.854400
      1.55509     0.852783
      1.55605     0.851853
      1.55702     0.850945
      1.55798     0.848622
      1.55894     0.846842
      1.55990     0.844093
      1.56087     0.842355
      1.56183     0.839492
      1.56279     0.837457
      1.56376     0.835028
      1.56472     0.831723
      1.56568     0.829046
      1.56664     0.826282
      1.56761     0.823562
      1.56857     0.820545
      1.56953     0.817671
      1.57049     0.814576
      1.57146     0.812168
      1.57242     0.809215
      1.57338     0.806476
      1.57434     0.804267
      1.57531     0.802414
      1.57627     0.800914
      1.57723     0.798808
      1.57819     0.797078
      1.57916     0.795895
      1.58012     0.794991
      1.58108     0.794419
      1.58205     0.793206
      1.58301     0.792612
      1.58397     0.792435
      1.58493     0.793087
      1.58590     0.793342
      1.58686     0.793733
      1.58782     0.794692
      1.58878     0.795735
      1.58975     0.796132
      1.59071     0.797550
      1.59167     0.798188
      1.59263     0.799240
      1.59360     0.801523
      1.59456     0.803386
      1.59552     0.805181
      1.59649     0.807119
      1.59745     0.808294
      1.59841     0.810192
      1.59937     0.812003
      1.60034     0.813862
      1.60130     0.815763
      1.60226     0.818403
      1.60322     0.820741
      1.60419     0.822563
      1.60515     0.824198
      1.60611     0.826284
      1.60707     0.827804
      1.60804     0.830154
      1.60900     0.832138
      1.60996     0.833553
      1.61093     0.835474
      1.61189     0.837499
      1.61285     0.839373
      1.61381     0.841252
      1.61478     0.842597
      1.61574     0.843876
      1.61670     0.845493
      1.61766     0.847460
      1.61863     0.848630
      1.61959     0.849738
      1.62055     0.851176
      1.62151     0.852686
      1.62248     0.854253
      1.62344     0.855819
      1.62440     0.857152
      1.62537     0.858077
      1.62633     0.859419
      1.62729     0.860960
      1.62825     0.861436
      1.62922     0.862916
      1.63018     0.864105
      1.63114     0.863685
      1.63210     0.865087
      1.63307     0.866301
      1.63403     0.867102
      1.63499     0.866917
      1.63595     0.867147
      1.63692     0.868660
      1.63788     0.869128
      1.63884     0.868359
      1.63981     0.868557
      1.64077     0.867422
      1.64173     0.868767
      1.64269     0.868221
      1.64366     0.867624
      1.64462     0.866044
      1.64558     0.864952
      1.64654     0.863757
      1.64751     0.863036
      1.64847     0.861296
      1.64943     0.858959
      1.65039     0.857972
      1.65136     0.855597
      1.65232     0.852561
      1.65328     0.851702
      1.65425     0.848710
      1.65521     0.846059
      1.65617     0.842369
      1.65713     0.840589
      1.65810     0.837145
      1.65906     0.833628
      1.66002     0.830373
      1.66098     0.827152
      1.66195     0.823593
      1.66291     0.819680
      1.66387     0.816469
      1.66483     0.813075
      1.66580     0.809015
      1.66676     0.805390
      1.66772     0.803395
      1.66869     0.798915
      1.66965     0.796230
      1.67061     0.792829
      1.67157     0.788730
      1.67254     0.785075
      1.67350     0.782161
      1.67446     0.779552
      1.67542     0.776365
      1.67639     0.773830
      1.67735     0.771321
      1.67831     0.769617
      1.67927     0.767480
      1.68024     0.765624
      1.68120     0.764891
      1.68216     0.763029
      1.68313     0.761472
      1.68409     0.759941
      1.68505     0.759739
      1.68601     0.758973
      1.68698     0.758974
      1.68794     0.758581
      1.68890     0.759075
      1.68986     0.758095
      1.69083     0.759906
      1.69179     0.760944
      1.69275     0.762335
      1.69371     0.763574
      1.69468     0.764512
      1.69564     0.766769
      1.69660     0.768698
      1.69757     0.769795
      1.69853     0.771733
      1.69949     0.774019
      1.70045     0.776034
      1.70142     0.778152
      1.70238     0.781275
      1.70334     0.784052
      1.70430     0.786609
      1.70527     0.788894
      1.70623     0.791621
      1.70719     0.793898
      1.70815     0.796929
      1.70912     0.798472
      1.71008     0.801361
      1.71104     0.803160
      1.71201     0.804339
      1.71297     0.806655
      1.71393     0.808750
      1.71489     0.810768
      1.71586     0.811977
      1.71682     0.813955
      1.71778     0.815541
      1.71874     0.816424
      1.71971     0.817943
      1.72067     0.819033
      1.72163     0.819549
      1.72259     0.820102
      1.72356     0.820711
      1.72452     0.822093
      1.72548     0.822326
      1.72645     0.822802
      1.72741     0.823702
      1.72837     0.823308
      1.72933     0.824139
      1.73030     0.824374
      1.73126     0.824323
      1.73222     0.825111
      1.73318     0.825130
      1.73415     0.825768
      1.73511     0.825944
      1.73607     0.825866
      1.73703     0.825556
      1.73800     0.825151
      1.73896     0.824635
      1.73992     0.824146
      1.74089     0.824839
      1.74185     0.824772
      1.74281     0.823042
      1.74377     0.822242
      1.74474     0.820745
      1.74570     0.818782
      1.74666     0.817710
      1.74762     0.816519
      1.74859     0.812525
      1.74955     0.809577
      1.75051     0.806302
      1.75147     0.803402
      1.75244     0.799627
      1.75340     0.794795
      1.75436     0.790580
      1.75532     0.784048
      1.75629     0.777767
      1.75725     0.770780
      1.75821     0.762304
      1.75918     0.753292
      1.76014     0.744631
      1.76110     0.733902
      1.76206     0.721982
      1.76303     0.708466
      1.76399     0.694863
      1.76495     0.678290
      1.76591     0.660550
      1.76688     0.639882
      1.76784     0.618215
      1.76880     0.595921
      1.76977     0.571401
      1.77073     0.544345
      1.77169     0.516705
      1.77265     0.487386
      1.77362     0.458227
      1.77458     0.427255
      1.77554     0.396788
      1.77650     0.366903
      1.77747     0.337252
      1.77843     0.308842
      1.77939     0.282449
      1.78035     0.256965
      1.78132     0.232946
      1.78228     0.211652
      1.78324     0.192786
      1.78420     0.176404
      1.78517     0.159838
      1.78613     0.144766
      1.78709     0.132347
      1.78806     0.121315
      1.78902     0.111305
      1.78998     0.102794
      1.79094    0.0965176
      1.79191    0.0909496
      1.79287    0.0855405
      1.79383    0.0807318
      1.79479    0.0767772
      1.79576    0.0726819
      1.79672    0.0689566
      1.79768    0.0661383
      1.79864    0.0646356
      1.79961    0.0647883
      1.80057    0.0656582
      1.80153    0.0641307
      1.80250    0.0615329
      1.80346    0.0589235
      1.80442    0.0581059
      1.80538    0.0582364
      1.80635    0.0588262
      1.80731    0.0575592
      1.80827    0.0554316
      1.80923    0.0555921
      1.81020    0.0564085
      1.81116    0.0599450
      1.81212    0.0599152
      1.81308    0.0584252
      1.81405    0.0579208
      1.81501    0.0583070
      1.81597    0.0586635
      1.81694    0.0579292
      1.81790    0.0572191
      1.81886    0.0613623
      1.81982    0.0678475
