      1.10100    0.0137330
      1.10161    0.0134587
      1.10221    0.0132610
      1.10282    0.0135780
      1.10343    0.0131865
      1.10403    0.0129684
      1.10464    0.0130087
      1.10524    0.0138115
      1.10585    0.0128574
      1.10645    0.0217301
      1.10706    0.0181414
      1.10766    0.0123975
      1.10827    0.0135654
      1.10887    0.0133031
      1.10948    0.0132472
      1.11009    0.0131771
      1.11069    0.0133783
      1.11130    0.0136424
      1.11190    0.0135869
      1.11251    0.0136759
      1.11311    0.0134577
      1.11372    0.0132630
      1.11432    0.0133027
      1.11493    0.0139676
      1.11553    0.0139619
      1.11614    0.0133658
      1.11675    0.0135335
      1.11735    0.0134056
      1.11796    0.0136303
      1.11856    0.0137594
      1.11917    0.0135156
      1.11977    0.0136890
      1.12038    0.0138176
      1.12098    0.0141855
      1.12159    0.0143474
      1.12220    0.0141169
      1.12280    0.0139711
      1.12341    0.0142964
      1.12401    0.0144749
      1.12462    0.0142835
      1.12522    0.0141159
      1.12583    0.0141553
      1.12643    0.0144500
      1.12704    0.0142614
      1.12764    0.0146301
      1.12825    0.0148765
      1.12886    0.0147538
      1.12946    0.0143565
      1.13007    0.0148657
      1.13067    0.0151344
      1.13128    0.0152962
      1.13188    0.0154758
      1.13249    0.0150989
      1.13309    0.0150581
      1.13370    0.0153514
      1.13430    0.0155027
      1.13491    0.0158170
      1.13552    0.0157166
      1.13612    0.0154916
      1.13673    0.0152769
      1.13733    0.0154896
      1.13794    0.0162406
      1.13854    0.0158001
      1.13915    0.0160803
      1.13975    0.0159429
      1.14036    0.0163269
      1.14096    0.0168613
      1.14157    0.0165162
      1.14218    0.0169281
      1.14278    0.0174398
      1.14339    0.0175280
      1.14399    0.0180130
      1.14460    0.0184978
      1.14520    0.0191883
      1.14581    0.0203063
      1.14641    0.0207926
      1.14702    0.0280638
      1.14762    0.0239904
      1.14823    0.0244978
      1.14884    0.0255281
      1.14944    0.0261942
      1.15005    0.0270626
      1.15065    0.0276620
      1.15126    0.0277335
      1.15186    0.0277422
      1.15247    0.0282605
      1.15307    0.0276996
      1.15368    0.0278088
      1.15428    0.0285806
      1.15489    0.0289685
      1.15550    0.0294508
      1.15610    0.0304341
      1.15671    0.0315050
      1.15731    0.0330893
      1.15792    0.0350873
      1.15852    0.0375460
      1.15913    0.0406187
      1.15973    0.0447518
      1.16034    0.0501241
      1.16095    0.0564791
      1.16155    0.0649872
      1.16216    0.0761978
      1.16276    0.0904954
      1.16337     0.107496
      1.16397     0.128407
      1.16458     0.152739
      1.16518     0.179164
      1.16579     0.206134
      1.16639     0.231934
      1.16700     0.254886
      1.16761     0.274772
      1.16821     0.290400
      1.16882     0.303877
      1.16942     0.316953
      1.17003     0.329628
      1.17063     0.343851
      1.17124     0.361561
      1.17184     0.381963
      1.17245     0.406760
      1.17305     0.436967
      1.17366     0.471551
      1.17427     0.509911
      1.17487     0.550434
      1.17548     0.594449
      1.17608     0.637994
      1.17669     0.679123
      1.17729     0.714453
      1.17790     0.744310
      1.17850     0.765742
      1.17911     0.781532
      1.17971     0.791332
      1.18032     0.794459
      1.18093     0.795772
      1.18153     0.796168
      1.18214     0.792535
      1.18274     0.792137
      1.18335     0.790953
      1.18395     0.793078
      1.18456     0.795611
      1.18516     0.798688
      1.18577     0.802771
      1.18637     0.804858
      1.18698     0.808395
      1.18759     0.808823
      1.18819     0.807762
      1.18880     0.807891
      1.18940     0.805342
      1.19001     0.799581
      1.19061     0.794554
      1.19122     0.789370
      1.19182     0.782603
      1.19243     0.776218
      1.19303     0.769785
      1.19364     0.767774
      1.19425     0.765694
      1.19485     0.746623
      1.19546     0.740776
      1.19606     0.752483
      1.19667     0.754389
      1.19727     0.756989
      1.19788     0.759697
      1.19848     0.764777
      1.19909     0.768065
      1.19969     0.773118
      1.20030     0.779932
      1.20091     0.782978
      1.20151     0.786499
      1.20212     0.789401
      1.20272     0.792860
      1.20333     0.793131
      1.20393     0.793883
      1.20454     0.793530
      1.20514     0.792296
      1.20575     0.789219
      1.20636     0.784821
      1.20696     0.780784
      1.20757     0.777318
      1.20817     0.774540
      1.20878     0.771602
      1.20938     0.768758
      1.20999     0.764800
      1.21059     0.762127
      1.21120     0.759974
      1.21180     0.758193
      1.21241     0.759713
      1.21302     0.758580
      1.21362     0.759013
      1.21423     0.761160
      1.21483     0.762309
      1.21544     0.764239
      1.21604     0.767144
      1.21665     0.769930
      1.21725     0.772540
      1.21786     0.774316
      1.21846     0.776226
      1.21907     0.778757
      1.21968     0.780482
      1.22028     0.782190
      1.22089     0.783451
      1.22149     0.784534
      1.22210     0.785835
      1.22270     0.786229
      1.22331     0.788207
      1.22391     0.789564
      1.22452     0.790110
      1.22512     0.791564
      1.22573     0.793527
      1.22634     0.797244
      1.22694     0.794573
      1.22755     0.797081
      1.22815     0.797808
      1.22876     0.798559
      1.22936     0.800175
      1.22997     0.801800
      1.23057     0.804312
      1.23118     0.805614
      1.23178     0.807788
      1.23239     0.808089
      1.23300     0.807693
      1.23360     0.809401
      1.23421     0.811081
      1.23481     0.810732
      1.23542     0.813309
      1.23602     0.811847
      1.23663     0.811544
      1.23723     0.811922
      1.23784     0.812375
      1.23845     0.811470
      1.23905     0.810954
      1.23966     0.811179
      1.24026     0.811342
      1.24087     0.811966
      1.24147     0.812274
      1.24208     0.812509
      1.24268     0.812091
      1.24329     0.812205
      1.24389     0.813489
      1.24450     0.813521
      1.24511     0.813848
      1.24571     0.814661
      1.24632     0.814599
      1.24692     0.814928
      1.24753     0.815845
      1.24813     0.815594
      1.24874     0.815974
      1.24934     0.815995
      1.24995     0.814467
      1.25055     0.813368
      1.25116     0.812176
      1.25177     0.811419
      1.25237     0.809353
      1.25298     0.807677
      1.25358     0.806770
      1.25419     0.805490
      1.25479     0.803629
      1.25540     0.801948
      1.25600     0.799616
      1.25661     0.799758
      1.25721     0.798669
      1.25782     0.797891
      1.25843     0.797816
      1.25903     0.799466
      1.25964     0.798763
      1.26024     0.800377
      1.26085     0.801413
      1.26145     0.802398
      1.26206     0.804880
      1.26266     0.806518
      1.26327     0.808372
      1.26387     0.810577
      1.26448     0.813442
      1.26509     0.816640
      1.26569     0.819599
      1.26630     0.821995
      1.26690     0.824133
      1.26751     0.826364
      1.26811     0.828008
      1.26872     0.830684
      1.26932     0.831761
      1.26993     0.832330
      1.27053     0.832561
      1.27114     0.833819
      1.27175     0.833318
      1.27235     0.832317
      1.27296     0.831114
      1.27356     0.830019
      1.27417     0.828640
      1.27477     0.827522
      1.27538     0.826461
      1.27598     0.824667
      1.27659     0.822176
      1.27719     0.820916
      1.27780     0.819336
      1.27841     0.817473
      1.27901     0.816447
      1.27962     0.816348
      1.28022     0.815400
      1.28083     0.814472
      1.28143     0.815034
      1.28204     0.815879
      1.28264     0.816915
      1.28325     0.818819
      1.28386     0.820255
      1.28446     0.821595
      1.28507     0.824203
      1.28567     0.826796
      1.28628     0.828709
      1.28688     0.831442
      1.28749     0.834906
      1.28809     0.837017
      1.28870     0.839392
      1.28930     0.841048
      1.28991     0.843335
      1.29052     0.847014
      1.29112     0.847563
      1.29173     0.848723
      1.29233     0.850677
      1.29294     0.850521
      1.29354     0.850980
      1.29415     0.850643
      1.29475     0.850566
      1.29536     0.850277
      1.29596     0.849202
      1.29657     0.849603
      1.29718     0.849117
      1.29778     0.847754
      1.29839     0.846392
      1.29899     0.846663
      1.29960     0.846096
      1.30020     0.846719
      1.30081     0.846839
      1.30141     0.846550
      1.30202     0.848040
      1.30262     0.848770
      1.30323     0.848682
      1.30384     0.848816
      1.30444     0.849175
      1.30505     0.848213
      1.30565     0.846885
      1.30626     0.846240
      1.30686     0.844857
      1.30747     0.843452
      1.30807     0.838712
      1.30868     0.836491
      1.30928     0.833428
      1.30989     0.829560
      1.31050     0.827187
      1.31110     0.823509
      1.31171     0.820956
      1.31231     0.818039
      1.31292     0.816720
      1.31352     0.815858
      1.31413     0.816465
      1.31473     0.816038
      1.31534     0.817002
      1.31595     0.819687
      1.31655     0.822896
      1.31716     0.825783
      1.31776     0.828678
      1.31837     0.831047
      1.31897     0.832956
      1.31958     0.833015
      1.32018     0.830002
      1.32079     0.824484
      1.32139     0.815097
      1.32200     0.801894
      1.32261     0.785081
      1.32321     0.762261
      1.32382     0.735479
      1.32442     0.705264
      1.32503     0.671133
      1.32563     0.634756
      1.32624     0.596667
      1.32684     0.557525
      1.32745     0.518657
      1.32805     0.480311
      1.32866     0.443339
      1.32927     0.408452
      1.32987     0.375051
      1.33048     0.344981
      1.33108     0.315384
      1.33169     0.288166
      1.33229     0.263126
      1.33290     0.239850
      1.33350     0.218922
      1.33411     0.200059
      1.33471     0.182302
      1.33532     0.165846
      1.33593     0.150822
      1.33653     0.136912
      1.33714     0.123976
      1.33774     0.111745
      1.33835     0.101396
      1.33895    0.0923417
      1.33956    0.0835668
      1.34016    0.0758511
      1.34077    0.0690623
      1.34137    0.0628773
      1.34198    0.0573844
      1.34259    0.0516924
      1.34319    0.0474145
      1.34380    0.0437432
      1.34440    0.0400151
      1.34501    0.0372936
      1.34561    0.0351399
      1.34622    0.0309462
      1.34682    0.0514172
      1.34743    0.0385676
      1.34803    0.0273081
      1.34864    0.0275951
      1.34925    0.0258210
      1.34985    0.0252620
      1.35046    0.0241764
      1.35106    0.0235141
      1.35167    0.0226479
      1.35227    0.0218327
      1.35288    0.0213253
      1.35348    0.0212675
      1.35409    0.0208166
      1.35469    0.0209560
      1.35530    0.0211812
      1.35591    0.0207883
      1.35651    0.0207433
      1.35712    0.0195932
      1.35772    0.0194309
      1.35833    0.0198026
      1.35893    0.0200159
      1.35954    0.0188312
      1.36014    0.0193393
      1.36075    0.0194030
      1.36136    0.0197125
      1.36196    0.0195290
      1.36257    0.0196272
      1.36317    0.0190286
      1.36378    0.0193637
      1.36438    0.0186031
      1.36499    0.0192598
      1.36559    0.0186087
      1.36620    0.0183756
      1.36680    0.0181874
      1.36741    0.0186028
      1.36802    0.0186117
      1.36862    0.0182069
      1.36923    0.0183147
      1.36983    0.0185268
      1.37044    0.0181002
      1.37104    0.0179584
      1.37165    0.0182606
      1.37225    0.0176800
      1.37286    0.0173002
      1.37346    0.0175104
      1.37407    0.0176203
      1.37468    0.0175528
      1.37528    0.0173549
      1.37589    0.0172405
      1.37649    0.0169759
      1.37710    0.0173426
      1.37770    0.0175572
      1.37831    0.0172528
      1.37891    0.0166602
      1.37952    0.0171283
      1.38012    0.0171545
      1.38073    0.0173365
      1.38134    0.0172416
      1.38194    0.0176024
      1.38255    0.0173388
      1.38315    0.0170153
      1.38376    0.0172848
      1.38436    0.0171961
      1.38497    0.0169936
      1.38557    0.0168671
      1.38618    0.0167271
      1.38678    0.0162742
      1.38739    0.0164288
      1.38800    0.0166692
      1.38860    0.0165815
      1.38921    0.0168489
      1.38981    0.0164046
      1.39042    0.0158069
      1.39102    0.0159252
      1.39163    0.0167162
      1.39223    0.0168235
      1.39284    0.0159436
      1.39345    0.0156275
      1.39405    0.0157885
      1.39466    0.0158980
      1.39526    0.0165586
      1.39587    0.0169962
      1.39647    0.0172280
      1.39708    0.0169121
      1.39768    0.0163112
      1.39829    0.0154265
      1.39889    0.0154286
      1.39950    0.0159204
