      1.90165    0.0178071
      1.90261    0.0168370
      1.90358    0.0174374
      1.90454    0.0201231
      1.90550    0.0228393
      1.90646    0.0209905
      1.90743    0.0176241
      1.90839    0.0149378
      1.90935    0.0157426
      1.91031    0.0161921
      1.91128    0.0176698
      1.91224    0.0199220
      1.91320    0.0208160
      1.91416    0.0204610
      1.91513    0.0191333
      1.91609    0.0171579
      1.91705    0.0153120
      1.91802    0.0149678
      1.91898    0.0167002
      1.91994    0.0197351
      1.92090    0.0194141
      1.92187    0.0170327
      1.92283    0.0158192
      1.92379    0.0156325
      1.92475    0.0156214
      1.92572    0.0155626
      1.92668    0.0163152
      1.92764    0.0171584
      1.92860    0.0172770
      1.92957    0.0170060
      1.93053    0.0166161
      1.93149    0.0161579
      1.93246    0.0157955
      1.93342    0.0155781
      1.93438    0.0152297
      1.93534    0.0153773
      1.93631    0.0157633
      1.93727    0.0165639
      1.93823    0.0173926
      1.93919    0.0179378
      1.94016    0.0186359
      1.94112    0.0171506
      1.94208    0.0165660
      1.94304    0.0167865
      1.94401    0.0170020
      1.94497    0.0174241
      1.94593    0.0176690
      1.94690    0.0180195
      1.94786    0.0185494
      1.94882    0.0188246
      1.94978    0.0194497
      1.95075    0.0195238
      1.95171    0.0202681
      1.95267    0.0213516
      1.95363    0.0222736
      1.95460    0.0234446
      1.95556    0.0243990
      1.95652    0.0253116
      1.95748    0.0266219
      1.95845    0.0278872
      1.95941    0.0292713
      1.96037    0.0308436
      1.96133    0.0325990
      1.96230    0.0347753
      1.96326    0.0370642
      1.96422    0.0393964
      1.96519    0.0419657
      1.96615    0.0446747
      1.96711    0.0479975
      1.96807    0.0517414
      1.96904    0.0558536
      1.97000    0.0603264
      1.97096    0.0655349
      1.97192    0.0714869
      1.97289    0.0777576
      1.97385    0.0848005
      1.97481    0.0925348
      1.97578     0.101279
      1.97674     0.111002
      1.97770     0.121261
      1.97866     0.132847
      1.97963     0.146067
      1.98059     0.160718
      1.98155     0.176215
      1.98251     0.193124
      1.98348     0.211599
      1.98444     0.231658
      1.98540     0.253059
      1.98636     0.275870
      1.98733     0.301859
      1.98829     0.327677
      1.98925     0.354515
      1.99021     0.382827
      1.99118     0.412537
      1.99214     0.443069
      1.99310     0.472839
      1.99407     0.503908
      1.99503     0.534490
      1.99599     0.564149
      1.99695     0.593826
      1.99792     0.622301
      1.99888     0.649733
      1.99984     0.676058
      2.00080     0.700241
      2.00177     0.721342
      2.00273     0.743929
      2.00369     0.764389
      2.00465     0.781515
      2.00562     0.796984
      2.00658     0.810578
      2.00754     0.822483
      2.00851     0.832092
      2.00947     0.840473
      2.01043     0.846771
      2.01139     0.853225
      2.01236     0.858256
      2.01332     0.860753
      2.01428     0.862244
      2.01524     0.862789
      2.01621     0.864218
      2.01717     0.863608
      2.01813     0.862703
      2.01909     0.861795
      2.02006     0.860518
      2.02102     0.858115
      2.02198     0.856350
      2.02295     0.854508
      2.02391     0.852059
      2.02487     0.850254
      2.02583     0.847855
      2.02680     0.845817
      2.02776     0.843858
      2.02872     0.842747
      2.02968     0.841082
      2.03065     0.840267
      2.03161     0.838812
      2.03257     0.838293
      2.03353     0.837949
      2.03450     0.836997
      2.03546     0.836553
      2.03642     0.836645
      2.03739     0.837156
      2.03835     0.838259
      2.03931     0.839033
      2.04027     0.841295
      2.04124     0.842371
      2.04220     0.843755
      2.04316     0.844819
      2.04412     0.847556
      2.04509     0.849499
      2.04605     0.851806
      2.04701     0.854167
      2.04797     0.856820
      2.04894     0.858948
      2.04990     0.860955
      2.05086     0.863161
      2.05183     0.866389
      2.05279     0.868746
      2.05375     0.870799
      2.05471     0.873357
      2.05568     0.875531
      2.05664     0.877978
      2.05760     0.880537
      2.05856     0.883489
      2.05953     0.884825
      2.06049     0.886610
      2.06145     0.888889
      2.06241     0.890571
      2.06338     0.891631
      2.06434     0.892947
      2.06530     0.895201
      2.06627     0.895848
      2.06723     0.896672
      2.06819     0.897097
      2.06915     0.898566
      2.07012     0.899342
      2.07108     0.899181
      2.07204     0.900254
      2.07300     0.900459
      2.07397     0.900597
      2.07493     0.900327
      2.07589     0.901202
      2.07685     0.901207
      2.07782     0.901517
      2.07878     0.901535
      2.07974     0.902083
      2.08071     0.902409
      2.08167     0.901580
      2.08263     0.901366
      2.08359     0.902044
      2.08456     0.902526
      2.08552     0.902205
      2.08648     0.902700
      2.08744     0.903188
      2.08841     0.903354
      2.08937     0.903556
      2.09033     0.903463
      2.09129     0.903811
      2.09226     0.904478
      2.09322     0.904874
      2.09418     0.904799
      2.09515     0.905967
      2.09611     0.905715
      2.09707     0.906420
      2.09803     0.906569
      2.09900     0.908342
      2.09996     0.908621
      2.10092     0.908623
      2.10188     0.908587
      2.10285     0.909580
      2.10381     0.909741
      2.10477     0.910771
      2.10573     0.911412
      2.10670     0.911644
      2.10766     0.912263
      2.10862     0.912081
      2.10959     0.912786
      2.11055     0.912282
      2.11151     0.912476
      2.11247     0.911982
      2.11344     0.912710
      2.11440     0.912886
      2.11536     0.912440
      2.11632     0.911820
      2.11729     0.911620
      2.11825     0.911544
      2.11921     0.911165
      2.12017     0.909942
      2.12114     0.909191
      2.12210     0.908894
      2.12306     0.908193
      2.12403     0.907514
      2.12499     0.906547
      2.12595     0.905633
      2.12691     0.904444
      2.12788     0.902769
      2.12884     0.901886
      2.12980     0.900589
      2.13076     0.898614
      2.13173     0.896637
      2.13269     0.896200
      2.13365     0.894395
      2.13461     0.893311
      2.13558     0.891389
      2.13654     0.889760
      2.13750     0.888187
      2.13846     0.886437
      2.13943     0.884279
      2.14039     0.883113
      2.14135     0.881498
      2.14232     0.879817
      2.14328     0.877500
      2.14424     0.876558
      2.14520     0.875310
      2.14617     0.873924
      2.14713     0.871941
      2.14809     0.870184
      2.14905     0.868377
      2.15002     0.866750
      2.15098     0.864885
      2.15194     0.863705
      2.15290     0.863099
      2.15387     0.861869
      2.15483     0.859913
      2.15579     0.858297
      2.15676     0.857804
      2.15772     0.856271
      2.15868     0.854429
      2.15964     0.853684
      2.16061     0.853244
      2.16157     0.852222
      2.16253     0.850333
      2.16349     0.849947
      2.16446     0.849800
      2.16542     0.848812
      2.16638     0.847726
      2.16734     0.847437
      2.16831     0.847205
      2.16927     0.846709
      2.17023     0.846449
      2.17120     0.844791
      2.17216     0.845525
      2.17312     0.845788
      2.17408     0.845591
      2.17505     0.845037
      2.17601     0.845441
      2.17697     0.845450
      2.17793     0.844948
      2.17890     0.844623
      2.17986     0.844447
      2.18082     0.845760
      2.18178     0.845372
      2.18275     0.845045
      2.18371     0.845217
      2.18467     0.845308
      2.18564     0.845203
      2.18660     0.845297
      2.18756     0.844514
      2.18852     0.844827
      2.18949     0.845352
      2.19045     0.844949
      2.19141     0.844706
      2.19237     0.845011
      2.19334     0.844907
      2.19430     0.844059
      2.19526     0.843378
      2.19622     0.843054
      2.19719     0.843236
      2.19815     0.842839
      2.19911     0.841294
      2.20008     0.842242
      2.20104     0.842731
      2.20200     0.842589
      2.20296     0.841237
      2.20393     0.841628
      2.20489     0.841547
      2.20585     0.841953
      2.20681     0.840752
      2.20778     0.840746
      2.20874     0.842373
      2.20970     0.842515
      2.21066     0.842710
      2.21163     0.843024
      2.21259     0.844055
      2.21355     0.845065
      2.21452     0.845882
      2.21548     0.845343
      2.21644     0.846301
      2.21740     0.847802
      2.21837     0.848399
      2.21933     0.848569
      2.22029     0.848634
      2.22125     0.850389
      2.22222     0.850727
      2.22318     0.851131
      2.22414     0.850798
      2.22510     0.852430
      2.22607     0.853253
      2.22703     0.852778
      2.22799     0.853120
      2.22896     0.853467
      2.22992     0.854592
      2.23088     0.853959
      2.23184     0.853739
      2.23281     0.853418
      2.23377     0.854539
      2.23473     0.854207
      2.23569     0.852924
      2.23666     0.852002
      2.23762     0.853221
      2.23858     0.853953
      2.23954     0.852441
      2.24051     0.851661
      2.24147     0.851629
      2.24243     0.851462
      2.24340     0.850396
      2.24436     0.849838
      2.24532     0.849348
      2.24628     0.849772
      2.24725     0.849007
      2.24821     0.846949
      2.24917     0.846407
      2.25013     0.846468
      2.25110     0.847069
      2.25206     0.845368
      2.25302     0.844775
      2.25398     0.844573
      2.25495     0.845706
      2.25591     0.845031
      2.25687     0.843687
      2.25784     0.843371
      2.25880     0.844188
      2.25976     0.844258
      2.26072     0.842353
      2.26169     0.842021
      2.26265     0.843361
      2.26361     0.843442
      2.26457     0.842490
      2.26554     0.841589
      2.26650     0.841018
      2.26746     0.841322
      2.26842     0.840569
      2.26939     0.838579
      2.27035     0.836892
      2.27131     0.835760
      2.27228     0.835113
      2.27324     0.832357
      2.27420     0.828439
      2.27516     0.825847
      2.27613     0.823730
      2.27709     0.819162
      2.27805     0.813365
      2.27901     0.808304
      2.27998     0.804182
      2.28094     0.799112
      2.28190     0.791764
      2.28286     0.783714
      2.28383     0.776084
      2.28479     0.767766
      2.28575     0.757674
      2.28672     0.746268
      2.28768     0.734518
      2.28864     0.723793
      2.28960     0.711736
      2.29057     0.696836
      2.29153     0.681130
      2.29249     0.665236
      2.29345     0.650631
      2.29442     0.633285
      2.29538     0.613643
      2.29634     0.594967
      2.29730     0.577147
      2.29827     0.558572
      2.29923     0.538080
      2.30019     0.516311
      2.30116     0.496400
      2.30212     0.476421
      2.30308     0.455968
      2.30404     0.435112
      2.30501     0.413363
      2.30597     0.393251
      2.30693     0.374064
      2.30789     0.353437
      2.30886     0.333315
      2.30982     0.313968
      2.31078     0.296015
      2.31174     0.278068
      2.31271     0.259841
      2.31367     0.242494
      2.31463     0.227022
      2.31560     0.211315
      2.31656     0.196980
      2.31752     0.182599
      2.31848     0.169664
      2.31945     0.157370
      2.32041     0.146542
      2.32137     0.135778
      2.32233     0.125309
      2.32330     0.115869
      2.32426     0.108168
      2.32522     0.100159
      2.32618    0.0927136
      2.32715    0.0868350
      2.32811    0.0813932
      2.32907    0.0762154
      2.33004    0.0714321
      2.33100    0.0664181
      2.33196    0.0627801
      2.33292    0.0591279
      2.33389    0.0559626
      2.33485    0.0530326
      2.33581    0.0507156
      2.33677    0.0484172
      2.33774    0.0464685
      2.33870    0.0443057
      2.33966    0.0420830
      2.34062    0.0413494
      2.34159    0.0395759
      2.34255    0.0384231
      2.34351    0.0379939
      2.34448    0.0367301
      2.34544    0.0355300
      2.34640    0.0351008
      2.34736    0.0343198
      2.34833    0.0334623
      2.34929    0.0329585
      2.35025    0.0312398
      2.35121    0.0304604
      2.35218    0.0298475
      2.35314    0.0290834
      2.35410    0.0288185
      2.35506    0.0276317
      2.35603    0.0277278
      2.35699    0.0277764
      2.35795    0.0269140
      2.35892    0.0266681
      2.35988    0.0261692
      2.36084    0.0261495
      2.36180    0.0266372
      2.36277    0.0264235
      2.36373    0.0260604
      2.36469    0.0264952
      2.36565    0.0267348
      2.36662    0.0265980
      2.36758    0.0253222
      2.36854    0.0248501
      2.36950    0.0258102
      2.37047    0.0250843
      2.37143    0.0246448
      2.37239    0.0252347
      2.37336    0.0246582
      2.37432    0.0245323
      2.37528    0.0248374
      2.37624    0.0246290
      2.37721    0.0241144
      2.37817    0.0241925
      2.37913    0.0239625
      2.38009    0.0242674
      2.38106    0.0243105
      2.38202    0.0238873
      2.38298    0.0231950
      2.38394    0.0233570
      2.38491    0.0239054
      2.38587    0.0241953
      2.38683    0.0241186
      2.38779    0.0237151
      2.38876    0.0234602
      2.38972    0.0232192
      2.39068    0.0235145
      2.39165    0.0235521
      2.39261    0.0228185
      2.39357    0.0230111
